output_nclust_2_data_id_1_true_nClust_4	-766.227767	9.919123	-745.836706	30.310184	-767.098397	9.048492	-170.698230	605.448660	-197.317500	578.829390
output_nclust_2_data_id_2_true_nClust_4	-821.376722	9.956556	-807.867458	23.465820	-822.497103	8.836176	-232.728982	598.604297	-250.136866	581.196412
output_nclust_2_data_id_3_true_nClust_4	-760.820301	9.709654	-742.453029	28.076927	-760.577877	9.952078	-203.176687	567.353268	-221.964258	548.565697
output_nclust_2_data_id_4_true_nClust_4	-691.318753	10.231111	-666.460171	35.089693	-691.250542	10.299322	-115.380243	586.169621	-145.521747	556.028117
output_nclust_2_data_id_5_true_nClust_4	-707.324814	9.122619	-642.105241	74.342192	-708.066792	8.380642	50.529852	766.977285	-17.194385	699.253049
output_nclust_2_data_id_6_true_nClust_4	-844.385141	-56.812977	-743.955284	43.616881	-848.752449	-61.180284	-160.696443	626.875721	-263.294711	524.277454
output_nclust_2_data_id_7_true_nClust_4	-769.108921	9.359930	-703.264669	75.204182	-769.250173	9.218678	-10.629576	767.839275	-75.728342	702.740509
output_nclust_2_data_id_8_true_nClust_4	-694.228146	8.949163	-627.756936	75.420373	-694.975897	8.201412	62.186823	765.364132	-10.200222	692.977087
output_nclust_2_data_id_9_true_nClust_4	-663.689625	9.459638	-631.605535	41.543728	-664.151845	8.997417	-78.231192	594.918071	-116.321570	556.827693
output_nclust_2_data_id_10_true_nClust_4	-691.566850	9.345247	-620.881708	80.030389	-692.874846	8.037252	66.847681	767.759779	-11.240998	689.671100
output_nclust_2_data_id_11_true_nClust_4	-762.304515	9.588308	-739.823316	32.069507	-762.800596	9.092227	-164.684839	607.207984	-188.094303	583.798521
output_nclust_2_data_id_12_true_nClust_4	-623.860322	9.405523	-549.946752	83.319094	-624.354283	8.911563	142.912401	776.178247	65.869729	699.135575
output_nclust_2_data_id_13_true_nClust_4	-694.562876	9.814287	-633.957951	70.419212	-694.845139	9.532024	59.181230	763.558393	-2.126089	702.251074
output_nclust_2_data_id_14_true_nClust_4	-755.326565	10.058972	-698.161494	67.224042	-755.450129	9.935407	-7.328099	758.057438	-68.464509	696.921028
output_nclust_2_data_id_15_true_nClust_4	-888.880753	10.519690	-876.507929	22.892514	-889.571023	9.829420	-318.610053	580.790390	-332.361721	567.038722
output_nclust_2_data_id_16_true_nClust_4	-667.895316	9.588047	-602.739344	74.744019	-668.774098	8.709265	90.335835	767.819198	23.999231	701.482594
output_nclust_2_data_id_17_true_nClust_4	-747.609186	9.253945	-726.863201	29.999931	-748.247116	8.616015	-162.341480	594.521652	-191.105306	565.757825
output_nclust_2_data_id_18_true_nClust_4	-622.548189	9.563766	-583.896110	48.215844	-623.283732	8.828222	-12.941543	619.170412	-64.555034	567.556920
output_nclust_2_data_id_19_true_nClust_4	-813.353510	10.608169	-795.269045	28.692633	-813.480474	10.481204	-216.029411	607.932267	-236.603159	587.358519
output_nclust_2_data_id_20_true_nClust_4	-692.443338	9.274896	-627.132645	74.585588	-692.796143	8.922090	52.505594	754.223828	-23.036836	678.681398
output_nclust_2_data_id_21_true_nClust_4	-706.208460	9.242653	-634.626127	80.824986	-706.388168	9.062945	58.233025	773.684139	-14.912041	700.539072
output_nclust_2_data_id_22_true_nClust_4	-686.473580	9.264685	-620.137777	75.600488	-687.569336	8.168929	69.477243	765.215508	-2.164815	693.573449
output_nclust_2_data_id_23_true_nClust_4	-772.588261	10.101489	-754.000378	28.689372	-773.161166	9.528584	-196.102502	586.587248	-219.842658	562.847092
output_nclust_2_data_id_24_true_nClust_4	-678.728166	9.058695	-610.808464	76.978398	-678.915682	8.871179	73.061995	760.848857	-6.662839	681.124023
output_nclust_2_data_id_25_true_nClust_4	-639.396280	7.724377	-562.707943	84.412714	-640.323669	6.796988	126.562224	773.682881	43.009549	690.130206
output_nclust_2_data_id_26_true_nClust_4	-758.002976	9.925788	-699.493919	68.434845	-758.532633	9.396131	-7.146952	760.781812	-68.989979	698.938785
output_nclust_2_data_id_27_true_nClust_4	-779.171467	9.752427	-761.903314	27.020580	-779.605498	9.318396	-201.776080	587.147814	-222.680847	566.243047
output_nclust_2_data_id_28_true_nClust_4	-869.446251	10.415189	-857.493633	22.367807	-871.210639	8.650801	-270.296766	609.564674	-285.770448	594.090992
output_nclust_2_data_id_29_true_nClust_4	-758.154061	10.150932	-703.020081	65.284912	-759.009704	9.295290	-11.025343	757.279650	-68.733259	699.571734
output_nclust_2_data_id_30_true_nClust_4	-635.089229	9.112240	-560.446630	83.754839	-635.731460	8.470009	128.085447	772.286916	46.563907	690.765376
output_nclust_2_data_id_31_true_nClust_4	-796.326920	10.177225	-778.242187	28.261957	-797.048687	9.455457	-209.410864	597.093281	-234.592141	571.912003
output_nclust_2_data_id_32_true_nClust_4	-661.158806	8.812601	-587.533929	82.437478	-661.727454	8.243954	105.325224	775.296631	28.873906	698.845314
output_nclust_2_data_id_33_true_nClust_4	-770.442113	9.831693	-706.359799	73.914006	-770.488659	9.785147	-15.013700	765.260105	-76.647686	703.626119
output_nclust_2_data_id_34_true_nClust_4	-714.548637	9.850891	-653.218643	71.180886	-715.073753	9.325775	36.051525	760.451053	-29.929248	694.470280
output_nclust_2_data_id_35_true_nClust_4	-619.195036	9.080193	-549.042010	79.233219	-619.378408	8.896821	143.713119	771.988348	70.059731	698.334960
output_nclust_2_data_id_36_true_nClust_4	-687.035159	10.040526	-661.478450	35.597236	-687.462262	9.613424	-117.413854	579.661832	-145.918979	551.156707
output_nclust_2_data_id_37_true_nClust_4	-792.838187	9.492552	-731.765485	70.565254	-793.436001	8.894738	-38.818318	763.512421	-99.990718	702.340021
output_nclust_2_data_id_38_true_nClust_4	-632.961902	9.037086	-600.056727	41.942261	-634.082207	7.916780	-68.132519	573.866469	-107.463521	534.535467
output_nclust_2_data_id_39_true_nClust_4	-757.517844	10.100245	-734.168651	33.449438	-757.328314	10.289775	-169.646930	597.971159	-195.564879	572.053210
output_nclust_2_data_id_40_true_nClust_4	-791.654994	9.843532	-732.350309	69.148217	-793.350724	8.147802	-40.171441	761.327085	-103.480148	698.018379
output_nclust_2_data_id_41_true_nClust_4	-830.111218	9.849189	-815.521155	24.439252	-830.375403	9.585003	-236.281521	603.678886	-254.485041	585.475366
output_nclust_2_data_id_42_true_nClust_4	-800.636993	9.573653	-741.579548	68.631098	-800.848529	9.362116	-50.001188	760.209458	-113.004485	697.206161
output_nclust_2_data_id_43_true_nClust_4	-741.505681	9.261585	-681.431654	69.335611	-741.807910	8.959355	11.643524	762.410790	-48.679097	702.088169
output_nclust_2_data_id_44_true_nClust_4	-712.894876	8.972886	-640.864598	81.003163	-713.809627	8.058135	52.210580	774.078342	-22.043344	699.824418
output_nclust_2_data_id_45_true_nClust_4	-763.439713	9.267742	-693.517976	79.189478	-763.666617	9.040837	-0.442797	772.264657	-70.647901	702.059554
output_nclust_2_data_id_46_true_nClust_4	-713.038540	8.047178	-641.924364	79.161354	-713.750642	7.335076	47.690656	768.776374	-29.822219	691.263499
output_nclust_2_data_id_47_true_nClust_4	-735.609736	9.866367	-673.587613	71.888491	-736.009914	9.466189	16.356146	761.832249	-42.706147	702.769956
output_nclust_2_data_id_48_true_nClust_4	-815.213178	9.021079	-761.458119	62.776139	-817.686524	6.547734	-71.201725	753.032533	-129.750928	694.483330
output_nclust_2_data_id_49_true_nClust_4	-722.845542	8.834216	-657.258763	74.420994	-723.220838	8.458919	34.920105	766.599862	-33.867863	697.811895
output_nclust_2_data_id_50_true_nClust_4	-761.633475	9.365112	-702.227400	68.771188	-762.306712	8.691875	-9.592307	761.406281	-71.163733	699.834855
output_nclust_3_data_id_1_true_nClust_4	-971.401617	14.281588	-920.572674	65.110531	-972.481429	13.201776	105.542891	1091.226095	47.937182	1033.620386
output_nclust_3_data_id_2_true_nClust_4	-1100.029773	15.164279	-1057.485725	57.708327	-1102.153268	13.040784	-25.065949	1090.128103	-81.153090	1034.040962
output_nclust_3_data_id_3_true_nClust_4	-921.700461	13.373409	-868.376651	66.697219	-921.942653	13.131217	122.399924	1057.473794	54.258918	989.332787
output_nclust_3_data_id_4_true_nClust_4	-837.838912	12.827650	-777.725832	72.940729	-838.870666	11.795895	207.460505	1058.127066	136.785635	987.452196
output_nclust_3_data_id_5_true_nClust_4	-1162.309438	13.943984	-1132.244882	44.008541	-1163.399764	12.853659	-96.636301	1079.617122	-125.971418	1050.282005
output_nclust_3_data_id_6_true_nClust_4	-1068.679698	12.748187	-1030.060802	51.367083	-1070.079225	11.348661	-15.190199	1066.237686	-49.789744	1031.638141
output_nclust_3_data_id_7_true_nClust_4	-1247.099694	15.242078	-1223.411377	38.930395	-1248.500383	13.841389	-205.498544	1056.843228	-226.348413	1035.993359
output_nclust_3_data_id_8_true_nClust_4	-930.445108	12.891900	-862.949405	80.387603	-930.859491	12.477517	162.147095	1105.484103	86.361729	1029.698737
output_nclust_3_data_id_9_true_nClust_4	-1235.069337	13.732328	-1208.018189	40.783476	-1235.942875	12.858791	-164.309358	1084.492308	-188.819213	1059.982452
output_nclust_3_data_id_10_true_nClust_4	-1230.104267	14.328649	-1203.123075	41.309841	-1232.166289	12.266626	-154.094186	1090.338730	-179.820658	1064.612257
output_nclust_3_data_id_11_true_nClust_4	-1098.694057	14.960103	-1050.605408	63.048752	-1099.454769	14.199391	-1.887867	1111.766293	-57.376012	1056.278147
output_nclust_3_data_id_12_true_nClust_4	-1079.357708	13.218296	-1046.118496	46.457508	-1079.821752	12.754252	-3.800007	1088.775997	-36.494053	1056.081951
output_nclust_3_data_id_13_true_nClust_4	-1104.381477	13.844049	-1075.342608	42.882918	-1105.226289	12.999237	-47.373055	1070.852471	-73.338679	1044.886847
output_nclust_3_data_id_14_true_nClust_4	-1340.512668	16.578898	-1321.209955	35.881611	-1341.846423	15.245143	-267.242742	1089.848823	-285.724591	1071.366974
output_nclust_3_data_id_15_true_nClust_4	-977.929637	13.489607	-921.325337	70.093907	-979.866763	11.552481	67.086937	1058.506181	1.184167	992.603411
output_nclust_3_data_id_16_true_nClust_4	-1175.276385	14.691661	-1153.546653	36.421393	-1176.432123	13.535923	-136.856652	1053.111394	-153.972793	1035.995253
output_nclust_3_data_id_17_true_nClust_4	-913.361880	13.262966	-853.162758	73.462088	-915.286809	11.338037	167.946033	1094.570879	96.207097	1022.831943
output_nclust_3_data_id_18_true_nClust_4	-1251.314717	15.056709	-1226.928006	39.443420	-1252.387185	13.984241	-175.382587	1090.988839	-198.630123	1067.741304
output_nclust_3_data_id_19_true_nClust_4	-992.297875	12.739930	-937.204596	67.833210	-993.170693	11.867113	101.219053	1106.256859	40.818287	1045.856093
output_nclust_3_data_id_20_true_nClust_4	-1163.170780	14.999924	-1130.884431	47.286273	-1163.922596	14.248108	-56.497998	1121.672707	-85.944255	1092.226450
output_nclust_3_data_id_21_true_nClust_4	-1019.869404	14.019406	-970.268968	63.619842	-1023.073707	10.815103	60.042289	1093.931099	0.330968	1034.219778
output_nclust_3_data_id_22_true_nClust_4	-1173.457182	15.201518	-1146.982202	41.676499	-1174.187652	14.471049	-98.607290	1090.051411	-124.034068	1064.624633
output_nclust_3_data_id_23_true_nClust_4	-1016.193246	15.093162	-966.608814	64.677593	-1018.364656	12.921752	53.226788	1084.513196	-8.035763	1023.250645
output_nclust_3_data_id_24_true_nClust_4	-1200.208341	13.644743	-1171.908714	41.944370	-1201.479592	12.373492	-104.574131	1109.278953	-132.735073	1081.118012
output_nclust_3_data_id_25_true_nClust_4	-1200.031748	14.158111	-1171.567308	42.622551	-1202.839489	11.350370	-139.308709	1074.881150	-169.901869	1044.287989
output_nclust_3_data_id_26_true_nClust_4	-1312.904238	14.981248	-1299.069711	28.815775	-1314.951484	12.934001	-259.729673	1068.155812	-272.671134	1055.214351
output_nclust_3_data_id_27_true_nClust_4	-1004.020162	13.845847	-952.148718	65.717291	-1005.199588	12.666421	67.484178	1085.350187	3.495927	1021.361936
output_nclust_3_data_id_28_true_nClust_4	-1055.111178	13.839567	-1003.030138	65.920607	-1057.873891	11.076854	50.323780	1119.274525	-14.921397	1054.029348
output_nclust_3_data_id_29_true_nClust_4	-1210.196067	14.749876	-1182.558219	42.387724	-1210.990390	13.955553	-134.870212	1090.075731	-161.696658	1063.249285
output_nclust_3_data_id_30_true_nClust_4	-1116.447684	13.538886	-1083.350948	46.635621	-1116.966554	13.020015	-45.937729	1084.048840	-73.127434	1056.859136
output_nclust_3_data_id_31_true_nClust_4	-1084.120203	14.624625	-1035.128798	63.616029	-1085.066136	13.678691	13.900091	1112.644918	-47.441501	1051.303327
output_nclust_3_data_id_32_true_nClust_4	-1170.312287	14.275691	-1146.543475	38.044503	-1170.666419	13.921559	-129.422457	1055.165522	-147.874843	1036.713135
output_nclust_3_data_id_33_true_nClust_4	-1220.173918	13.745279	-1197.879904	36.039293	-1221.596787	12.322410	-193.957155	1039.962042	-214.871008	1019.048188
output_nclust_3_data_id_34_true_nClust_4	-1245.407517	13.708734	-1219.794211	39.322039	-1246.798583	12.317667	-168.257861	1090.858389	-192.304254	1066.811996
output_nclust_3_data_id_35_true_nClust_4	-1146.155263	14.336476	-1123.308612	37.183126	-1147.237441	13.254298	-89.521233	1070.970506	-111.410711	1049.081028
output_nclust_3_data_id_36_true_nClust_4	-838.159972	12.523143	-772.913266	77.769849	-839.239987	11.443128	239.104772	1089.787887	165.933864	1016.616979
output_nclust_3_data_id_37_true_nClust_4	-1142.157099	14.940367	-1095.677552	61.419914	-1143.967169	13.130297	-45.626615	1111.470851	-99.300089	1057.797377
output_nclust_3_data_id_38_true_nClust_4	-894.057398	13.743959	-834.806828	72.994529	-896.046341	11.755016	189.650535	1097.451892	123.136935	1030.938293
output_nclust_3_data_id_39_true_nClust_4	-1060.864264	15.064156	-1009.441256	66.487164	-1062.165983	13.762437	43.203771	1119.132191	-18.455079	1057.473341
output_nclust_3_data_id_40_true_nClust_4	-1228.364610	14.811337	-1199.782836	43.393110	-1228.702382	14.473564	-166.086768	1077.089179	-193.197732	1049.978214
output_nclust_3_data_id_41_true_nClust_4	-920.325352	11.423696	-861.476957	70.272091	-921.367033	10.382015	129.517107	1061.266155	56.514433	988.263481
output_nclust_3_data_id_42_true_nClust_4	-1327.458970	15.095180	-1309.266107	33.288043	-1327.460961	15.093189	-257.906039	1084.648111	-274.051798	1068.502351
output_nclust_3_data_id_43_true_nClust_4	-1187.186431	13.465929	-1159.886044	40.766316	-1190.350346	10.302014	-133.422495	1067.229866	-159.252504	1041.399856
output_nclust_3_data_id_44_true_nClust_4	-1176.843707	13.998123	-1146.854863	43.986966	-1178.027189	12.814641	-130.065961	1060.775869	-158.604907	1032.236923
output_nclust_3_data_id_45_true_nClust_4	-1196.448464	15.097911	-1169.689255	41.857120	-1200.769275	10.777101	-146.692490	1064.853885	-173.946611	1037.599765
output_nclust_3_data_id_46_true_nClust_4	-1218.147417	13.733065	-1186.975866	44.904616	-1218.913849	12.966633	-156.270840	1075.609642	-186.243159	1045.637323
output_nclust_3_data_id_47_true_nClust_4	-1154.662834	13.952534	-1126.960270	41.655098	-1155.162458	13.452910	-132.989885	1035.625483	-158.090485	1010.524883
output_nclust_3_data_id_48_true_nClust_4	-1325.723399	14.080350	-1303.414075	36.389675	-1325.998816	13.804934	-257.223112	1082.580638	-277.889720	1061.914029
output_nclust_3_data_id_49_true_nClust_4	-1188.244040	12.852353	-1160.375225	40.721168	-1189.252249	11.844144	-129.276642	1071.819752	-153.530486	1047.565908
output_nclust_3_data_id_50_true_nClust_4	-1256.445329	13.287272	-1235.243512	34.489089	-1257.293790	12.438811	-198.690226	1071.042375	-218.187700	1051.544901
output_nclust_4_data_id_1_true_nClust_4	-1475.888062	18.686831	-1452.836591	41.738302	-1478.252686	16.322207	-71.868035	1422.706858	-94.926186	1399.648707
output_nclust_4_data_id_2_true_nClust_4	-1584.762245	22.187333	-1568.141390	38.808188	-1588.901963	18.047615	-185.082657	1421.866920	-203.024553	1403.925025
output_nclust_4_data_id_3_true_nClust_4	-1551.131423	18.516742	-1528.098969	41.549195	-1552.402417	17.245747	-144.142604	1425.505561	-165.184813	1404.463352
output_nclust_4_data_id_4_true_nClust_4	-1438.352217	18.999651	-1412.765891	44.585977	-1440.889805	16.462063	-27.874626	1429.477242	-53.332194	1404.019674
output_nclust_4_data_id_5_true_nClust_4	-1463.489507	18.745789	-1429.840205	52.395090	-1464.304677	17.930618	-44.432082	1437.803213	-75.745093	1406.490202
output_nclust_4_data_id_6_true_nClust_4	-1399.755013	18.266077	-1358.451393	59.569697	-1400.601314	17.419776	23.330480	1441.351570	-14.656516	1403.364574
output_nclust_4_data_id_7_true_nClust_4	-1572.023065	20.356164	-1551.184882	41.194347	-1576.837292	15.541937	-169.320964	1423.058265	-192.006500	1400.372729
output_nclust_4_data_id_8_true_nClust_4	-1405.119584	18.870635	-1369.336909	54.653309	-1407.125881	16.864338	15.369450	1439.359669	-19.700724	1404.289495
output_nclust_4_data_id_9_true_nClust_4	-1524.658764	17.836497	-1493.972050	48.523210	-1525.973407	16.521854	-107.947440	1434.547821	-137.701536	1404.793724
output_nclust_4_data_id_10_true_nClust_4	-1472.768543	19.838386	-1442.589720	50.017209	-1474.669805	17.937124	-56.455373	1436.151556	-85.887621	1406.719308
output_nclust_4_data_id_11_true_nClust_4	-1402.839680	18.067687	-1364.708159	56.199208	-1406.467639	14.439728	18.506791	1439.414158	-20.689969	1400.217398
output_nclust_4_data_id_12_true_nClust_4	-1325.921672	17.758701	-1291.487434	52.192939	-1328.118495	15.561877	94.567538	1438.247910	60.764836	1404.445209
output_nclust_4_data_id_13_true_nClust_4	-1407.179792	18.030966	-1377.680486	47.530273	-1408.536195	16.674563	7.278936	1432.489694	-20.558650	1404.652109
output_nclust_4_data_id_14_true_nClust_4	-1577.584233	20.061317	-1554.273793	43.371757	-1578.709840	18.935709	-170.285846	1427.359704	-191.556887	1406.088663
output_nclust_4_data_id_15_true_nClust_4	-1539.542109	18.530803	-1507.040544	51.032368	-1540.861819	17.211093	-123.291648	1434.781264	-153.722807	1404.350105
output_nclust_4_data_id_16_true_nClust_4	-1395.825692	18.763912	-1365.959740	48.629864	-1397.122389	17.467215	16.696821	1431.286425	-11.491421	1403.098183
output_nclust_4_data_id_17_true_nClust_4	-1458.795697	19.794048	-1432.815283	45.774462	-1461.046287	17.543458	-46.808950	1431.780795	-72.193565	1406.396180
output_nclust_4_data_id_18_true_nClust_4	-1502.681094	21.266962	-1479.369890	44.578166	-1506.466359	17.481698	-94.063708	1429.884348	-118.343835	1405.604221
output_nclust_4_data_id_19_true_nClust_4	-1487.979428	19.298629	-1460.901081	46.376976	-1490.134175	17.143882	-86.382374	1420.895683	-112.192648	1395.085409
output_nclust_4_data_id_20_true_nClust_4	-1412.803443	19.069261	-1381.484460	50.388243	-1415.323667	16.549036	-3.999283	1427.873421	-35.254297	1396.618406
output_nclust_4_data_id_21_true_nClust_4	-1527.265262	19.139616	-1499.301901	47.102977	-1528.639296	17.765582	-114.653918	1431.750960	-141.122528	1405.282350
output_nclust_4_data_id_22_true_nClust_4	-1414.769704	19.469164	-1384.590154	49.648715	-1415.809092	18.429776	-0.832826	1433.406042	-29.108200	1405.130669
output_nclust_4_data_id_23_true_nClust_4	-1538.098427	21.064228	-1514.414026	44.748629	-1539.881872	19.280784	-131.060111	1428.102544	-153.102329	1406.060326
output_nclust_4_data_id_24_true_nClust_4	-1471.189370	18.268869	-1441.405170	48.053070	-1472.672169	16.786071	-59.072706	1430.385533	-87.310080	1402.148160
output_nclust_4_data_id_25_true_nClust_4	-1534.492397	19.433607	-1508.948804	44.977200	-1540.041172	13.884832	-124.308191	1429.617813	-152.354224	1401.571780
output_nclust_4_data_id_26_true_nClust_4	-1599.380522	20.544147	-1582.369669	37.554999	-1600.944993	18.979676	-198.620773	1421.303896	-214.134667	1405.790001
output_nclust_4_data_id_27_true_nClust_4	-1480.411411	20.030193	-1455.679692	44.761911	-1482.996110	17.445494	-71.879139	1428.562464	-96.634731	1403.806872
output_nclust_4_data_id_28_true_nClust_4	-1422.109094	17.809927	-1387.118839	52.800183	-1424.711252	15.207770	-5.957585	1433.961437	-40.650991	1399.268030
output_nclust_4_data_id_29_true_nClust_4	-1469.188788	19.677409	-1440.783160	48.083037	-1470.971699	17.894498	-54.986885	1433.879312	-82.362147	1406.504050
output_nclust_4_data_id_30_true_nClust_4	-1370.956245	16.865826	-1333.831382	53.990688	-1371.674886	16.147184	50.125667	1437.947737	14.396352	1402.218422
output_nclust_4_data_id_31_true_nClust_4	-1547.213674	19.469320	-1524.142981	42.540013	-1548.325085	18.357909	-138.727049	1427.955945	-160.383564	1406.299430
output_nclust_4_data_id_32_true_nClust_4	-1487.474605	19.197454	-1462.373142	44.298918	-1489.042971	17.629089	-77.621944	1429.050116	-101.153635	1405.518424
output_nclust_4_data_id_33_true_nClust_4	-1483.313803	18.414456	-1459.972405	41.755854	-1486.296479	15.431780	-79.194017	1422.534242	-101.861085	1399.867174
output_nclust_4_data_id_34_true_nClust_4	-1445.482429	18.685456	-1409.731471	54.436415	-1446.159489	18.008397	-26.231200	1437.936686	-59.790365	1404.377521
output_nclust_4_data_id_35_true_nClust_4	-1352.805870	18.672851	-1319.239440	52.239281	-1353.835218	17.643503	66.814251	1438.292972	35.160322	1406.639043
output_nclust_4_data_id_36_true_nClust_4	-1325.638482	16.953879	-1287.289520	55.302842	-1327.197563	15.394799	85.469173	1428.061534	49.240446	1391.832808
output_nclust_4_data_id_37_true_nClust_4	-1587.663839	20.499915	-1566.114439	42.049315	-1590.141650	18.022105	-183.490013	1424.673741	-204.631535	1403.532220
output_nclust_4_data_id_38_true_nClust_4	-1462.873451	20.074396	-1430.815231	52.132616	-1465.032666	17.915181	-47.175718	1435.772130	-78.732062	1404.215786
output_nclust_4_data_id_39_true_nClust_4	-1492.138347	20.882495	-1468.001690	45.019152	-1493.596448	19.424394	-84.319560	1428.701282	-107.142425	1405.878417
output_nclust_4_data_id_40_true_nClust_4	-1501.343281	19.681842	-1471.129908	49.895215	-1502.161097	18.864026	-92.949819	1428.075304	-122.297504	1398.727619
output_nclust_4_data_id_41_true_nClust_4	-1503.219842	18.539166	-1472.948891	48.810117	-1504.771507	16.987502	-88.704206	1433.054803	-117.716174	1404.042835
output_nclust_4_data_id_42_true_nClust_4	-1580.816714	19.009612	-1560.239868	39.586458	-1582.750795	17.075531	-176.888543	1422.937783	-196.532150	1403.294176
output_nclust_4_data_id_43_true_nClust_4	-1524.809429	17.564992	-1498.271761	44.102660	-1525.895913	16.478508	-115.258322	1427.116099	-138.787844	1403.586577
output_nclust_4_data_id_44_true_nClust_4	-1492.676875	18.177016	-1462.579283	48.274608	-1494.527653	16.326238	-80.060849	1430.793042	-109.847133	1401.006759
output_nclust_4_data_id_45_true_nClust_4	-1501.431870	19.310219	-1475.509809	45.232280	-1503.466066	17.276023	-91.539000	1429.203089	-116.117860	1404.624229
output_nclust_4_data_id_46_true_nClust_4	-1551.933517	19.055687	-1524.359138	46.630065	-1553.667662	17.321541	-139.249916	1431.739288	-165.562275	1405.426929
output_nclust_4_data_id_47_true_nClust_4	-1421.708513	17.901304	-1388.677679	50.932137	-1423.412228	16.197589	-9.905808	1429.704008	-42.592360	1397.017456
output_nclust_4_data_id_48_true_nClust_4	-1611.822452	17.288361	-1588.953889	40.156924	-1612.561681	16.549132	-208.219132	1420.891681	-228.119928	1400.990884
output_nclust_4_data_id_49_true_nClust_4	-1429.160049	17.061600	-1397.765289	48.456360	-1430.684812	15.536837	-11.614681	1434.606967	-41.690239	1404.531410
output_nclust_4_data_id_50_true_nClust_4	-1535.213333	19.339278	-1513.777637	40.774974	-1536.126029	18.426582	-129.084987	1425.467624	-148.054220	1406.498391
output_nclust_5_data_id_1_true_nClust_4	-1486.823673	-29.153007	-1378.215832	79.454833	-1480.802714	-23.132048	2.752723	1460.423389	-34.404851	1423.265815
output_nclust_5_data_id_2_true_nClust_4	-2581.973738	-1028.382822	-1465.662322	87.928595	-2082.478387	-528.887471	-70.815391	1482.775526	-595.623936	957.966980
output_nclust_5_data_id_3_true_nClust_4	-1623.779486	-102.284657	-1430.066628	91.428200	-1660.623957	-139.129128	-46.812605	1474.682223	-176.774342	1344.720486
output_nclust_5_data_id_4_true_nClust_4	-1501.344308	-87.701162	-1322.494870	91.148276	-1505.084670	-91.441524	62.396395	1476.039541	-42.591986	1371.051160
output_nclust_5_data_id_5_true_nClust_4	-1571.297299	-138.333995	-1332.123333	100.839971	-1550.712573	-117.749269	53.448147	1486.411451	-84.005860	1348.957444
output_nclust_5_data_id_6_true_nClust_4	-1410.094984	-19.704084	-1303.883099	86.507801	-1409.140461	-18.749561	77.898774	1468.289674	24.751261	1415.142161
output_nclust_5_data_id_7_true_nClust_4	-1714.124427	-152.214354	-1487.922906	73.987168	-1676.775704	-114.865630	-106.058988	1455.851086	-234.481039	1327.429034
output_nclust_5_data_id_8_true_nClust_4	-1416.988844	-33.265024	-1292.428668	91.295152	-1412.667945	-28.944125	92.277691	1476.001511	60.249340	1443.973160
output_nclust_5_data_id_9_true_nClust_4	-1500.474763	-4.959157	-1414.664633	80.850972	-1498.479846	-2.964241	113.236715	1608.752320	42.970080	1538.485685
output_nclust_5_data_id_10_true_nClust_4	-1850.398970	-407.077147	-1344.327091	98.994732	-1958.729740	-515.407917	41.807256	1485.129079	-475.205100	968.116723
output_nclust_5_data_id_11_true_nClust_4	-1434.288508	-69.091904	-1251.283757	113.912847	-1432.991228	-67.794624	131.625695	1496.822299	31.081853	1396.278457
output_nclust_5_data_id_12_true_nClust_4	-1377.013613	-71.469206	-1211.984417	93.559990	-1367.784225	-62.239818	174.070554	1479.614961	83.318981	1388.863388
output_nclust_5_data_id_13_true_nClust_4	-1460.658968	-73.526982	-1300.570711	86.561274	-1475.184072	-88.052087	84.086548	1471.218534	-28.023603	1359.108382
output_nclust_5_data_id_14_true_nClust_4	-1599.487013	-38.377957	-1483.620042	77.489015	-1606.913303	-45.804247	-99.395531	1461.713525	-163.150354	1397.958702
output_nclust_5_data_id_15_true_nClust_4	-1557.500411	-19.584730	-1467.501252	70.414430	-1551.604156	-13.688474	-72.271212	1465.644470	-116.254062	1421.661619
output_nclust_5_data_id_16_true_nClust_4	-1412.470171	-63.992946	-1361.360233	-12.883008	-1393.418379	-44.941154	178.916648	1527.393872	115.309486	1463.786711
output_nclust_5_data_id_17_true_nClust_4	-1701.977709	-261.100574	-1356.765422	84.111714	-1686.272061	-245.394926	29.240912	1470.118047	-232.839375	1208.037760
output_nclust_5_data_id_18_true_nClust_4	-1521.675900	-23.553407	-1424.164001	73.958491	-1519.869530	-21.747038	-39.086641	1459.035851	-76.085130	1422.037363
output_nclust_5_data_id_19_true_nClust_4	-1558.981809	-84.387838	-1396.153604	78.440367	-1541.554800	-66.960829	-20.922613	1453.671358	-108.285741	1366.308230
output_nclust_5_data_id_20_true_nClust_4	-1409.109175	-9.168810	-1316.617365	83.323000	-1408.701621	-8.761257	60.653321	1460.593685	17.511841	1417.452206
output_nclust_5_data_id_21_true_nClust_4	-1547.632212	-29.334509	-1442.365177	75.932526	-1544.734590	-26.436887	-57.717194	1460.580509	-109.083358	1409.214345
output_nclust_5_data_id_22_true_nClust_4	-1440.540430	-36.952714	-1322.071436	81.516280	-1435.497492	-31.909776	61.685892	1465.273608	7.053694	1410.641409
output_nclust_5_data_id_23_true_nClust_4	-1679.995267	-163.289884	-1429.085928	87.619455	-1647.866710	-131.161327	-45.732013	1470.973370	-194.825734	1321.879649
output_nclust_5_data_id_24_true_nClust_4	-1709.326318	-261.403185	-1357.054270	90.868864	-1850.008368	-402.085235	24.451078	1472.374211	-392.714767	1055.208366
output_nclust_5_data_id_25_true_nClust_4	-1542.391590	-17.775515	-1446.929476	77.686599	-1541.747506	-17.131431	-50.837411	1473.778665	-102.384401	1422.231674
output_nclust_5_data_id_26_true_nClust_4	-1607.335490	-16.192364	-1525.287125	65.856001	-1606.637836	-15.494710	-141.538229	1449.604898	-173.993485	1417.149641
output_nclust_5_data_id_27_true_nClust_4	-1605.760437	-138.209621	-1388.742424	78.808392	-1599.725873	-132.175057	-4.941871	1462.608945	-164.136079	1303.414738
output_nclust_5_data_id_28_true_nClust_4	-1429.313209	-16.256158	-1332.648707	80.408344	-1434.951535	-21.894484	48.669491	1461.726542	-0.631087	1412.425964
output_nclust_5_data_id_29_true_nClust_4	-1527.854896	-83.370368	-1364.896981	79.587548	-1495.314608	-50.830079	32.449114	1476.933643	-33.418004	1411.066525
output_nclust_5_data_id_30_true_nClust_4	-1785.665154	-456.642917	-1291.567747	37.454490	-1479.403126	-150.380890	173.930519	1502.952756	7.360709	1336.382946
output_nclust_5_data_id_31_true_nClust_4	-1666.098196	-137.209387	-1461.057842	67.830966	-1601.326682	-72.437873	-64.888292	1464.000516	-154.956897	1373.931911
output_nclust_5_data_id_32_true_nClust_4	-1562.393264	-101.349617	-1373.157307	87.886339	-1571.755199	-110.711553	11.830388	1472.874034	-118.812206	1342.231440
output_nclust_5_data_id_33_true_nClust_4	-1493.208980	-18.839854	-1404.954920	69.414206	-1491.461426	-17.092300	-12.343888	1462.025238	-58.989245	1415.379881
output_nclust_5_data_id_34_true_nClust_4	-1440.566677	-3.683015	-1362.873074	74.010589	-1448.192638	-11.308976	20.627197	1457.510860	-20.917322	1415.966341
output_nclust_5_data_id_35_true_nClust_4	-1350.990951	-13.076603	-1255.546326	82.368022	-1351.120542	-13.206195	130.427989	1468.342336	86.973457	1424.887805
output_nclust_5_data_id_36_true_nClust_4	-1321.545040	-7.323903	-1229.857900	84.363237	-1327.660152	-13.439014	141.970060	1456.191197	92.573658	1406.794795
output_nclust_5_data_id_37_true_nClust_4	-1593.098687	0.462767	-1536.869776	56.691678	-1593.970206	-0.408752	-154.245350	1439.316104	-178.534722	1415.026733
output_nclust_5_data_id_38_true_nClust_4	-1489.717900	-51.655322	-1341.158235	96.904343	-1484.442184	-46.379606	42.481279	1480.543857	-24.930745	1413.131832
output_nclust_5_data_id_39_true_nClust_4	-1511.589409	-10.949754	-1442.763840	57.875815	-1511.161095	-10.521441	-59.081709	1441.557945	-88.068669	1412.570986
output_nclust_5_data_id_40_true_nClust_4	-1676.695483	-198.554311	-1460.350302	17.790871	-1602.516965	-124.375792	-11.954108	1466.187065	-131.357712	1346.783461
output_nclust_5_data_id_41_true_nClust_4	-1686.428855	-191.986457	-1418.508737	75.933661	-2231.481671	-737.039273	-34.466758	1459.975640	-807.054539	687.387859
output_nclust_5_data_id_42_true_nClust_4	-1566.826049	-11.486629	-1480.522657	74.816763	-1566.565561	-11.226141	-48.702471	1506.636949	-91.644612	1463.694807
output_nclust_5_data_id_43_true_nClust_4	-1510.741123	-32.827161	-1402.260658	75.653305	-1511.993423	-34.079461	29.474932	1507.388895	-9.786734	1468.127229
output_nclust_5_data_id_44_true_nClust_4	-1496.063662	-30.770494	-1423.937651	41.355516	-1485.642208	-20.349041	74.134074	1539.427241	8.380962	1473.674129
output_nclust_5_data_id_45_true_nClust_4	-1568.299123	-96.889281	-1374.631675	96.778168	-1543.665679	-72.255837	9.339134	1480.748977	-73.846688	1397.563155
output_nclust_5_data_id_46_true_nClust_4	-1836.710864	-290.511308	-1475.777437	70.422118	-1793.032816	-246.833260	-90.212428	1455.987128	-357.639277	1188.560279
output_nclust_5_data_id_47_true_nClust_4	-1451.288501	-46.177741	-1326.843502	78.267258	-1450.351540	-45.240780	63.511663	1468.622423	7.938393	1413.049153
output_nclust_5_data_id_48_true_nClust_4	-1642.529141	-76.859312	-1489.029505	76.640323	-1600.137492	-34.467663	-67.615121	1498.054708	-108.018679	1457.651150
output_nclust_5_data_id_49_true_nClust_4	-1972.226360	-572.505486	-1303.103840	96.617034	-2404.140180	-1004.419306	82.870475	1482.591348	-947.939699	451.781174
output_nclust_5_data_id_50_true_nClust_4	-1592.115478	-60.491999	-1460.729794	70.893684	-1575.397207	-43.773729	-8.086130	1523.537349	-104.596744	1427.026734
output_nclust_6_data_id_1_true_nClust_4	-1545.322815	-127.933081	-1299.778341	117.611394	-1539.645226	-122.255492	81.190215	1498.579949	-24.569715	1392.820020
output_nclust_6_data_id_2_true_nClust_4	-1693.952606	-140.797068	-1453.607366	99.548171	-1664.288641	-111.133103	-70.548633	1482.606904	-168.794112	1384.361425
output_nclust_6_data_id_3_true_nClust_4	-1785.068295	-295.628505	-1461.513008	27.926782	-1846.500483	-357.060693	16.267815	1505.707604	-316.037974	1173.401816
output_nclust_6_data_id_4_true_nClust_4	-1552.881847	-171.595101	-1261.165871	120.120875	-1542.852901	-161.566155	123.646018	1504.932764	-21.600663	1359.686082
output_nclust_6_data_id_5_true_nClust_4	-1529.130514	-130.579434	-1263.282381	135.268699	-1555.543223	-156.992144	122.125742	1520.676822	-24.631271	1373.919809
output_nclust_6_data_id_6_true_nClust_4	-1576.396651	-221.670363	-1234.149555	120.576732	-1547.885874	-193.159586	148.286146	1503.012434	-66.397370	1288.328918
output_nclust_6_data_id_7_true_nClust_4	-1781.811323	-287.033109	-1360.232374	134.545840	-1906.497956	-411.719742	33.312023	1528.090237	-363.006539	1131.771674
output_nclust_6_data_id_8_true_nClust_4	-1500.551741	-170.698533	-1215.714979	114.138229	-1505.811393	-175.958185	211.604511	1541.457719	41.772492	1371.625700
output_nclust_6_data_id_9_true_nClust_4	-1575.923915	-113.811199	-1359.795225	102.317492	-1584.144578	-122.031861	179.062867	1641.175584	-3.810496	1458.302221
output_nclust_6_data_id_10_true_nClust_4	-1632.512042	-208.110779	-1304.128862	120.272401	-1575.124755	-150.723492	82.005485	1506.406748	-54.500353	1369.900910
output_nclust_6_data_id_11_true_nClust_4	-1629.378700	-293.715023	-1191.290229	144.373448	-1771.622939	-435.959262	191.245108	1526.908785	-252.039511	1083.624166
output_nclust_6_data_id_12_true_nClust_4	-1854.902782	-605.996093	-1631.939972	-383.033283	-2304.810029	-1055.903340	-116.322056	1132.584632	-774.081979	474.824710
output_nclust_6_data_id_13_true_nClust_4	-1486.197765	-127.468832	-1244.041641	114.687291	-1472.474325	-113.745393	141.116173	1499.845105	23.115656	1381.844589
output_nclust_6_data_id_14_true_nClust_4	-1635.338018	-98.183422	-1437.989786	99.164810	-1641.687529	-104.532933	-53.765275	1483.389321	-139.458409	1397.696187
output_nclust_6_data_id_15_true_nClust_4	-1615.688723	-115.625627	-1392.167659	107.895438	-1622.588713	-122.525616	11.856420	1511.919516	-126.001062	1374.062035
output_nclust_6_data_id_16_true_nClust_4	-1740.576459	-460.686439	-1147.048937	132.841083	-1671.663951	-391.773931	305.923667	1585.813687	-57.263304	1222.626716
output_nclust_6_data_id_17_true_nClust_4	-1596.122587	-198.277443	-1276.984959	120.860185	-1576.234958	-178.389814	108.909344	1506.754489	-52.768279	1345.076866
output_nclust_6_data_id_18_true_nClust_4	-1650.176740	-204.670767	-1321.074594	124.431378	-1612.042581	-166.536608	64.427664	1509.933637	-95.009298	1350.496675
output_nclust_6_data_id_19_true_nClust_4	-1696.430288	-259.322051	-1322.200648	114.907589	-1687.640530	-250.532293	53.706314	1490.814551	-193.435536	1243.672701
output_nclust_6_data_id_20_true_nClust_4	-1522.346519	-152.610144	-1257.577164	112.159211	-1541.189433	-171.453058	119.208132	1488.944507	-65.384548	1304.351827
output_nclust_6_data_id_21_true_nClust_4	-1600.682117	-121.083099	-1367.014757	112.584261	-1605.474101	-125.875083	17.406261	1497.005279	-103.315724	1376.283294
output_nclust_6_data_id_22_true_nClust_4	-1426.974190	-79.406373	-1241.090408	106.477409	-1441.919846	-94.352029	178.699056	1526.266873	85.857406	1433.425223
output_nclust_6_data_id_23_true_nClust_4	-2032.308448	-559.488675	-1352.877107	119.942666	-2318.426068	-845.606294	30.357113	1503.176887	-778.365537	694.454236
output_nclust_6_data_id_24_true_nClust_4	-1508.653514	-67.790866	-1348.950289	91.912359	-1511.077698	-70.215050	44.402302	1485.264950	-27.471058	1413.391591
output_nclust_6_data_id_25_true_nClust_4	-1557.431818	-58.950645	-1396.855498	101.625675	-1570.070438	-71.589265	-12.429652	1486.051521	-95.383868	1403.097305
output_nclust_6_data_id_26_true_nClust_4	-1607.910617	-56.234105	-1445.911214	105.765298	-1609.790250	-58.113737	-62.162318	1489.514195	-119.653541	1432.022971
output_nclust_6_data_id_27_true_nClust_4	-1528.816832	-103.817918	-1302.021504	122.977410	-1539.032257	-114.033342	82.059665	1507.058580	-31.181658	1393.817257
output_nclust_6_data_id_28_true_nClust_4	-1430.811698	-91.754351	-1184.931503	154.125844	-1424.619013	-85.561666	196.386695	1535.444042	123.617871	1462.675218
output_nclust_6_data_id_29_true_nClust_4	-1629.750457	-222.758131	-1281.831698	125.160628	-1555.505395	-148.513069	103.964577	1510.956903	-35.340665	1371.651661
output_nclust_6_data_id_30_true_nClust_4	-1637.285024	-323.071466	-1185.055690	129.157868	-1562.395581	-248.182023	199.267459	1513.481017	-41.523095	1272.690463
output_nclust_6_data_id_31_true_nClust_4	-1551.301450	-33.494789	-1425.545320	92.261342	-1555.263218	-37.456556	-40.129389	1477.677273	-84.238996	1433.567666
output_nclust_6_data_id_32_true_nClust_4	-1510.314506	-63.411520	-1343.955491	102.947495	-1514.842808	-67.939822	40.527588	1487.430574	-26.947289	1419.955697
output_nclust_6_data_id_33_true_nClust_4	-1496.477223	-34.771127	-1383.570974	78.135122	-1559.045905	-97.339810	9.040059	1470.746154	-105.425817	1356.280278
output_nclust_6_data_id_34_true_nClust_4	-1462.237394	-55.987468	-1291.896541	114.353385	-1464.314142	-58.064216	91.603730	1497.853656	15.142952	1421.392878
output_nclust_6_data_id_35_true_nClust_4	-1487.372586	-217.992786	-1120.032456	149.347344	-1451.840834	-182.461035	266.053108	1535.432908	88.140169	1357.519969
output_nclust_6_data_id_36_true_nClust_4	-1615.630076	-364.408166	-1172.336523	78.885388	-1576.237434	-325.015523	269.270776	1520.492687	-56.358859	1194.863052
output_nclust_6_data_id_37_true_nClust_4	-1599.534183	-27.453497	-1496.209862	75.870825	-1602.646602	-30.565915	-113.585436	1458.495250	-158.107310	1413.973377
output_nclust_6_data_id_38_true_nClust_4	-1990.381393	-598.060997	-1251.695436	140.624961	-2316.296838	-923.976442	131.702273	1524.022670	-767.244814	625.075582
output_nclust_6_data_id_39_true_nClust_4	-1684.608761	-233.090438	-1344.574124	106.944199	-1616.754867	-165.236544	38.965087	1490.483410	-110.439164	1341.079160
output_nclust_6_data_id_40_true_nClust_4	-1673.337354	-232.863451	-1311.531405	128.942498	-1800.945955	-360.472052	66.648684	1507.122587	-283.286123	1157.187780
output_nclust_6_data_id_41_true_nClust_4	-1719.025378	-270.997827	-1325.154927	122.872625	-1745.495893	-297.468341	59.089758	1507.117310	-236.086860	1211.940692
output_nclust_6_data_id_42_true_nClust_4	-1799.450391	-270.782762	-1439.216522	89.451107	-1836.328269	-307.660640	-16.230370	1512.437259	-305.852625	1222.815004
output_nclust_6_data_id_43_true_nClust_4	-1584.375457	-96.765105	-1390.203859	97.406493	-1582.511634	-94.901282	-7.190420	1480.419932	-91.809070	1395.801281
output_nclust_6_data_id_44_true_nClust_4	-1538.290804	-110.747250	-1322.715199	104.828355	-1541.481844	-113.938290	119.637471	1547.181025	20.048134	1447.591688
output_nclust_6_data_id_45_true_nClust_4	-1530.307581	-72.649098	-1352.285426	105.373056	-1536.616620	-78.958138	43.317860	1500.976342	-44.979513	1412.678969
output_nclust_6_data_id_46_true_nClust_4	-1608.450317	-85.850351	-1432.017946	90.582020	-1608.151422	-85.551456	-34.968289	1487.631677	-130.221579	1392.378387
output_nclust_6_data_id_47_true_nClust_4	-1513.772396	-165.449051	-1372.817031	-24.493686	-1480.968411	-132.645065	198.200508	1546.523854	73.723952	1422.047297
output_nclust_6_data_id_48_true_nClust_4	-1691.098370	-168.256814	-1387.998483	134.843074	-1649.295336	-126.453779	4.128116	1526.969672	-94.504560	1428.336997
output_nclust_6_data_id_49_true_nClust_4	-1505.672620	-116.565431	-1284.093222	105.013967	-1487.705701	-98.598512	101.881093	1490.988282	-8.712307	1380.394882
output_nclust_6_data_id_50_true_nClust_4	-1731.660711	-255.098764	-1542.316150	-65.754203	-1674.292867	-197.730920	-31.338913	1445.223034	-125.638146	1350.923801
