output_nclust_2_data_id_1_true_nClust_3	-865.261230	10.479126	-845.610211	30.130144	-865.573703	10.166653	-322.875656	552.864700	-343.879949	531.860407

output_nclust_2_data_id_2_true_nClust_3	-1003.044350	9.341314	-990.084150	22.301515	-1004.080827	8.304838	-459.822565	552.563099	-471.440304	540.945361

output_nclust_2_data_id_3_true_nClust_3	-832.816173	11.289045	-816.627546	27.477672	-833.269208	10.836010	-291.634850	552.470368	-308.924816	535.180401

output_nclust_2_data_id_4_true_nClust_3	-1002.245859	10.556960	-995.517004	17.285815	-1003.659605	9.143214	-506.825562	505.977256	-515.525020	497.277799

output_nclust_2_data_id_5_true_nClust_3	-1146.550274	11.456786	-1141.889435	16.117625	-1149.704079	8.302981	-630.398795	527.608265	-637.685396	520.321664

output_nclust_2_data_id_6_true_nClust_3	-1009.339194	9.861933	-999.286163	19.914964	-1009.687792	9.513335	-482.577931	536.623195	-492.305712	526.895415

output_nclust_2_data_id_7_true_nClust_3	-1064.644482	10.317327	-1053.525175	21.436633	-1065.176935	9.784873	-546.182266	528.779542	-556.402858	518.558950

output_nclust_2_data_id_8_true_nClust_3	-944.953549	8.847690	-927.788390	26.012849	-945.481464	8.319775	-407.398782	546.402456	-423.801549	529.999690

output_nclust_2_data_id_9_true_nClust_3	-853.046520	10.480323	-838.948141	24.578703	-854.998153	8.528690	-350.256699	513.270144	-367.532392	495.994451

output_nclust_2_data_id_10_true_nClust_3	-740.828735	9.937569	-713.698072	37.068232	-741.401013	9.365291	-209.233249	541.533055	-238.816452	511.949852

output_nclust_2_data_id_11_true_nClust_3	-955.138898	9.821618	-940.368815	24.591701	-955.574687	9.385829	-421.184402	543.776114	-435.569785	529.390731

output_nclust_2_data_id_12_true_nClust_3	-1049.704221	11.111331	-1039.584293	21.231259	-1050.605339	10.210212	-532.241384	528.574168	-541.707275	519.108277

output_nclust_2_data_id_13_true_nClust_3	-990.110849	10.253205	-974.845533	25.518521	-990.719431	9.644624	-474.869016	525.495038	-491.245001	509.119053

output_nclust_2_data_id_14_true_nClust_3	-934.676812	9.695060	-919.748124	24.623747	-935.197174	9.174697	-419.771607	524.600265	-431.834652	512.537219

output_nclust_2_data_id_15_true_nClust_3	-927.553188	9.716607	-911.220634	26.049161	-928.569641	8.700153	-411.244117	526.025678	-427.494549	509.775246

output_nclust_2_data_id_16_true_nClust_3	-1159.699826	10.553372	-1151.565413	18.687786	-1161.485418	8.767780	-616.566943	553.686255	-625.414283	544.838916

output_nclust_2_data_id_17_true_nClust_3	-1013.701030	10.951560	-1001.567145	23.085446	-1014.934809	9.717782	-494.224236	530.428354	-506.129545	518.523046

output_nclust_2_data_id_18_true_nClust_3	-919.893388	9.906846	-901.647572	28.152662	-920.740236	9.059998	-394.304664	535.495570	-412.109483	517.690750

output_nclust_2_data_id_19_true_nClust_3	-1102.175691	9.518448	-1094.324958	17.369181	-1102.824221	8.869917	-597.455858	514.238281	-601.493893	510.200246

output_nclust_2_data_id_20_true_nClust_3	-758.209081	10.125282	-733.142920	35.191443	-758.399416	9.934947	-224.394934	543.939429	-252.238022	516.096341

output_nclust_2_data_id_21_true_nClust_3	-782.178316	10.902230	-762.524958	30.555588	-782.597414	10.483132	-273.833516	519.247029	-296.287406	496.793140

output_nclust_2_data_id_22_true_nClust_3	-1098.601240	9.720771	-1087.421554	20.900458	-1099.367388	8.954623	-567.031946	541.290066	-577.643150	530.678861

output_nclust_2_data_id_23_true_nClust_3	-1034.535891	9.159215	-1023.419382	20.275724	-1034.818835	8.876272	-524.984987	518.710119	-537.286891	506.408215

output_nclust_2_data_id_24_true_nClust_3	-1102.556156	10.103467	-1091.867387	20.792235	-1102.773540	9.886082	-573.910076	538.749546	-583.251955	529.407668

output_nclust_2_data_id_25_true_nClust_3	-1056.310612	9.726498	-1046.847014	19.190095	-1057.354923	8.682187	-540.931798	525.105312	-550.535718	515.501391

output_nclust_2_data_id_26_true_nClust_3	-1039.477753	10.838494	-1028.521370	21.794877	-1039.636284	10.679963	-538.147219	512.169029	-548.321523	501.994724

output_nclust_2_data_id_27_true_nClust_3	-654.064954	9.183858	-625.120387	38.128425	-654.774702	8.474110	-126.685992	536.562820	-158.274182	504.974629

output_nclust_2_data_id_28_true_nClust_3	-1047.336228	10.293536	-1035.061863	22.567901	-1047.869339	9.760425	-522.233481	535.396284	-534.778705	522.851059

output_nclust_2_data_id_29_true_nClust_3	-962.908038	9.792572	-951.676562	21.024048	-964.166551	8.534059	-469.955216	502.745394	-482.047415	490.653195

output_nclust_2_data_id_30_true_nClust_3	-990.399079	9.589877	-975.983286	24.005670	-991.456243	8.532713	-456.798874	543.190082	-470.391371	529.597585

output_nclust_2_data_id_31_true_nClust_3	-1052.095397	10.386373	-1043.141279	19.340491	-1052.429583	10.052187	-538.676456	523.805314	-548.068576	514.413194

output_nclust_2_data_id_32_true_nClust_3	-1000.490519	10.965832	-989.943940	21.512412	-1001.799952	9.656400	-485.479117	525.977235	-499.629820	511.826532

output_nclust_2_data_id_33_true_nClust_3	-1056.640604	9.992096	-1047.006535	19.626165	-1056.943765	9.688935	-554.973371	511.659329	-564.979285	501.653414

output_nclust_2_data_id_34_true_nClust_3	-1004.218677	10.091835	-993.337695	20.972817	-1005.007003	9.303509	-471.764729	542.545783	-483.744855	530.565657

output_nclust_2_data_id_35_true_nClust_3	-1146.621770	10.300880	-1139.668926	17.253725	-1148.030696	8.891954	-625.525082	531.397568	-633.605645	523.317006

output_nclust_2_data_id_36_true_nClust_3	-1005.073470	10.407223	-993.853762	21.626931	-1005.398979	10.081714	-473.464155	542.016539	-484.347849	531.132845

output_nclust_2_data_id_37_true_nClust_3	-746.167501	9.449577	-720.088334	35.528744	-746.706852	8.910226	-200.903922	554.713157	-231.052613	524.564465

output_nclust_2_data_id_38_true_nClust_3	-891.854714	10.821964	-877.417436	25.259242	-892.052337	10.624341	-360.709204	541.967474	-375.978178	526.698500

output_nclust_2_data_id_39_true_nClust_3	-1006.591015	10.266364	-994.334802	22.522577	-1007.984470	8.872910	-488.419585	528.437794	-499.223480	517.633899

output_nclust_2_data_id_40_true_nClust_3	-788.256592	10.275738	-772.235377	26.296953	-788.919596	9.612733	-290.514031	508.018299	-308.861386	489.670944

output_nclust_2_data_id_41_true_nClust_3	-771.629653	9.492919	-747.115355	34.007217	-772.582210	8.540362	-229.158044	551.964528	-256.480329	524.642243

output_nclust_2_data_id_42_true_nClust_3	-978.637147	10.889806	-974.226390	15.300562	-986.139754	3.387199	-472.730824	516.796128	-483.650651	505.876302

output_nclust_2_data_id_43_true_nClust_3	-867.253801	11.570219	-853.984844	24.839176	-868.115030	10.708990	-352.489278	526.334742	-366.077123	512.746897

output_nclust_2_data_id_44_true_nClust_3	-677.123770	10.040277	-642.517735	44.646312	-677.523634	9.640412	-157.263257	529.900790	-200.320506	486.843541

output_nclust_2_data_id_45_true_nClust_3	-1028.937593	10.100089	-1018.630169	20.407513	-1029.614010	9.423672	-533.375691	505.661991	-543.623234	495.414448

output_nclust_2_data_id_46_true_nClust_3	-806.692658	10.074129	-784.605378	32.161409	-806.853666	9.913121	-299.350900	517.415887	-320.989292	495.777495

output_nclust_2_data_id_47_true_nClust_3	-803.355170	11.254680	-785.177308	29.432542	-803.593395	11.016455	-277.834400	536.775450	-296.538094	518.071756

output_nclust_2_data_id_48_true_nClust_3	-1004.881567	9.422451	-991.716268	22.587749	-1008.431036	5.872981	-481.585733	532.718284	-495.360547	518.943470

output_nclust_2_data_id_49_true_nClust_3	-1040.661569	9.881071	-1027.962117	22.580523	-1041.766393	8.776247	-522.046900	528.495740	-535.922997	514.619643

output_nclust_2_data_id_50_true_nClust_3	-1032.974808	10.105526	-1022.166994	20.913340	-1033.957732	9.122603	-520.671428	522.408906	-530.285829	512.794505

output_nclust_3_data_id_1_true_nClust_3	-1277.445794	13.399951	-1255.200973	35.644772	-1279.600404	11.245341	-378.089509	912.756236	-400.971328	889.874417

output_nclust_3_data_id_2_true_nClust_3	-1255.671396	14.407149	-1239.306057	30.772488	-1257.062517	13.016027	-367.692948	902.385596	-382.870066	887.208479

output_nclust_3_data_id_3_true_nClust_3	-1274.685389	14.952874	-1261.658525	27.979738	-1275.610700	14.027564	-389.111932	900.526331	-400.972657	888.665606

output_nclust_3_data_id_4_true_nClust_3	-1279.532114	15.518156	-1267.420021	27.630249	-1281.145736	13.904534	-390.889942	904.160328	-402.816199	892.234071

output_nclust_3_data_id_5_true_nClust_3	-1438.720380	15.559767	-1429.221834	25.058313	-1439.864311	14.415836	-550.366962	903.913185	-559.015311	895.264836

output_nclust_3_data_id_6_true_nClust_3	-1267.749470	15.680669	-1249.904045	33.526094	-1269.258535	14.171604	-371.273089	912.157049	-388.678606	894.751533

output_nclust_3_data_id_7_true_nClust_3	-1320.062764	14.513460	-1302.678384	31.897840	-1320.922780	13.653444	-425.616590	908.959634	-442.008396	892.567828

output_nclust_3_data_id_8_true_nClust_3	-1248.059804	15.348788	-1229.909854	33.498738	-1248.624409	14.784183	-352.104403	911.304189	-369.013931	894.394661

output_nclust_3_data_id_9_true_nClust_3	-1318.253741	14.276763	-1298.626270	33.904234	-1319.936336	12.594169	-421.766364	910.764140	-441.063154	891.467350

output_nclust_3_data_id_10_true_nClust_3	-1220.643548	12.960785	-1195.807472	37.796861	-1221.683172	11.921160	-317.057986	916.546346	-341.100321	892.504011

output_nclust_3_data_id_11_true_nClust_3	-1224.764266	14.922154	-1207.554436	32.131983	-1227.911113	11.775306	-331.379133	908.307287	-349.934584	889.751835

output_nclust_3_data_id_12_true_nClust_3	-1284.297923	14.936138	-1262.924677	36.309385	-1285.691145	13.542916	-387.420137	911.813924	-408.132116	891.101946

output_nclust_3_data_id_13_true_nClust_3	-1242.056256	15.070935	-1219.667368	37.459823	-1244.807316	12.319875	-342.849471	914.277720	-366.130110	890.997081

output_nclust_3_data_id_14_true_nClust_3	-1185.177375	14.060672	-1162.068040	37.170007	-1187.285181	11.952867	-283.636825	915.601222	-306.750751	892.487296

output_nclust_3_data_id_15_true_nClust_3	-1249.200948	14.978142	-1230.813981	33.365109	-1250.793897	13.385194	-352.614079	911.565012	-370.815606	893.363485

output_nclust_3_data_id_16_true_nClust_3	-1397.683395	15.849260	-1384.138136	29.394519	-1399.056874	14.475781	-511.975272	901.557383	-524.828645	888.704010

output_nclust_3_data_id_17_true_nClust_3	-1248.726294	14.965171	-1227.685279	36.006186	-1249.553455	14.138010	-349.931945	913.759520	-369.774141	893.917324

output_nclust_3_data_id_18_true_nClust_3	-1192.431788	14.011656	-1169.490635	36.952808	-1193.452418	12.991025	-293.758090	912.685353	-315.656917	890.786526

output_nclust_3_data_id_19_true_nClust_3	-1366.640729	14.819821	-1348.402906	33.057643	-1368.039210	13.421339	-470.024446	911.436104	-487.655657	893.804892

output_nclust_3_data_id_20_true_nClust_3	-1243.769133	15.413346	-1227.952174	31.230305	-1245.285272	13.897208	-354.684036	904.498443	-369.601243	889.581236

output_nclust_3_data_id_21_true_nClust_3	-1350.423895	16.158070	-1335.057269	31.524696	-1351.830256	14.751709	-456.909617	909.672348	-471.794613	894.787351

output_nclust_3_data_id_22_true_nClust_3	-1373.310909	15.307010	-1360.051343	28.566576	-1375.002676	13.615243	-482.245892	906.372027	-495.063524	893.554395

output_nclust_3_data_id_23_true_nClust_3	-1314.439476	14.440981	-1298.842010	30.038448	-1315.238206	13.642251	-421.278600	907.601857	-435.998053	892.882404

output_nclust_3_data_id_24_true_nClust_3	-1382.748136	14.842146	-1367.984478	29.605804	-1383.328527	14.261754	-490.837784	906.752498	-504.279081	893.311201

output_nclust_3_data_id_25_true_nClust_3	-1318.946829	14.655571	-1305.702237	27.900163	-1320.598157	13.004242	-427.117085	906.485315	-439.965141	893.637259

output_nclust_3_data_id_26_true_nClust_3	-1343.759737	14.322121	-1331.267819	26.814039	-1345.271263	12.810596	-454.428242	903.653616	-466.472601	891.609257

output_nclust_3_data_id_27_true_nClust_3	-1218.126959	14.187293	-1199.094547	33.219704	-1220.001483	12.312769	-320.209712	912.104540	-339.205386	893.108865

output_nclust_3_data_id_28_true_nClust_3	-1293.241432	14.116403	-1271.406175	35.951660	-1293.581062	13.776773	-392.611233	914.746602	-412.897598	894.460237

output_nclust_3_data_id_29_true_nClust_3	-1260.850344	14.815670	-1245.444195	30.221819	-1263.078441	12.587573	-370.522444	905.143570	-386.322760	889.343255

output_nclust_3_data_id_30_true_nClust_3	-1235.309432	15.055165	-1214.358762	36.005836	-1236.526753	13.837844	-337.065272	913.299325	-357.309584	893.055014

output_nclust_3_data_id_31_true_nClust_3	-1304.192940	15.898297	-1286.410920	33.680318	-1304.945518	15.145720	-407.902113	912.189124	-424.541944	895.549294

output_nclust_3_data_id_32_true_nClust_3	-1289.790459	15.020417	-1273.855211	30.955665	-1291.414790	13.396086	-397.598498	907.212378	-413.449123	891.361753

output_nclust_3_data_id_33_true_nClust_3	-1336.056714	16.154782	-1322.187406	30.024089	-1336.396867	15.814629	-444.547772	907.663724	-456.845430	895.366066

output_nclust_3_data_id_34_true_nClust_3	-1247.560028	13.966515	-1229.575894	31.950649	-1249.346570	12.179973	-351.437773	910.088770	-369.657648	891.868895

output_nclust_3_data_id_35_true_nClust_3	-1393.716820	16.050242	-1382.053168	27.713894	-1395.593758	14.173304	-503.500241	906.266820	-515.099490	894.667571

output_nclust_3_data_id_36_true_nClust_3	-1222.435784	15.248687	-1201.148712	36.535759	-1223.418577	14.265894	-323.482853	914.201618	-343.651854	894.032617

output_nclust_3_data_id_37_true_nClust_3	-1207.279962	13.789652	-1189.110146	31.959468	-1209.118001	11.951613	-312.977397	908.092216	-331.038601	890.031013

output_nclust_3_data_id_38_true_nClust_3	-1308.613338	13.588862	-1286.440215	35.761985	-1310.862378	11.339821	-408.800580	913.401619	-431.393950	890.808249

output_nclust_3_data_id_39_true_nClust_3	-1299.296082	14.256821	-1285.397532	28.155371	-1300.050386	13.502517	-407.592081	905.960822	-420.194020	893.358883

output_nclust_3_data_id_40_true_nClust_3	-1326.035587	14.489488	-1306.058159	34.466916	-1327.103597	13.421478	-429.812827	910.712248	-448.736374	891.788701

output_nclust_3_data_id_41_true_nClust_3	-1271.861211	13.650558	-1254.656411	30.855358	-1273.000302	12.511467	-378.159768	907.352002	-394.701757	890.810012

output_nclust_3_data_id_42_true_nClust_3	-1218.948874	14.627278	-1199.586106	33.990046	-1220.542040	13.034112	-321.321655	912.254497	-340.264445	893.311707

output_nclust_3_data_id_43_true_nClust_3	-1420.413284	14.653764	-1409.017162	26.049886	-1421.656629	13.410419	-530.207068	904.859980	-540.947435	894.119613

output_nclust_3_data_id_44_true_nClust_3	-1423.098839	16.385329	-1411.754791	27.729376	-1423.438244	16.045924	-537.318696	902.165472	-547.167470	892.316698

output_nclust_3_data_id_45_true_nClust_3	-1309.315184	14.530829	-1294.796268	29.049745	-1309.810021	14.035992	-420.651806	903.194207	-434.064849	889.781163

output_nclust_3_data_id_46_true_nClust_3	-1339.450394	14.244225	-1322.477528	31.217092	-1341.456870	12.237750	-444.895659	908.798961	-461.870735	891.823885

output_nclust_3_data_id_47_true_nClust_3	-1297.165430	15.616349	-1282.410941	30.370838	-1297.841032	14.940746	-405.117451	907.664327	-418.240858	894.540920

output_nclust_3_data_id_48_true_nClust_3	-1334.570534	14.220559	-1320.571720	28.219374	-1335.975202	12.815891	-446.504101	902.286992	-459.197897	889.593197

output_nclust_3_data_id_49_true_nClust_3	-1267.625366	14.844994	-1243.764941	38.705419	-1268.664569	13.805792	-366.483480	915.986880	-389.771035	892.699326

output_nclust_3_data_id_50_true_nClust_3	-1315.383383	15.232351	-1300.399890	30.215844	-1317.229647	13.386087	-422.067586	908.548149	-436.887637	893.728097

output_nclust_4_data_id_1_true_nClust_3	-1297.472237	-61.359362	-1150.805468	85.307406	-1301.664917	-65.552042	-262.013524	974.099350	-318.660009	917.452865

output_nclust_4_data_id_2_true_nClust_3	-1321.741921	-91.746951	-1160.750332	69.244639	-1323.109850	-93.114880	-288.817096	941.177875	-369.555703	860.439268

output_nclust_4_data_id_3_true_nClust_3	-1277.467658	-9.421607	-1220.187720	47.858331	-1281.037922	-12.991870	-347.641126	920.404925	-373.677835	894.368217

output_nclust_4_data_id_4_true_nClust_3	-1469.472756	-235.726690	-1183.250849	50.495217	-1400.357177	-166.611111	-270.335610	963.410456	-429.477933	804.268133

output_nclust_4_data_id_5_true_nClust_3	-1568.326912	-143.264946	-1384.698226	40.363740	-1493.204052	-68.142086	-494.025193	931.036774	-569.668424	855.393542

output_nclust_4_data_id_6_true_nClust_3	-1318.965405	-39.954921	-1230.381582	48.628902	-1309.550700	-30.540216	-308.755856	970.254627	-383.811165	895.199318

output_nclust_4_data_id_7_true_nClust_3	-1316.872430	-9.480815	-1251.173760	56.217854	-1320.067340	-12.675726	-374.111967	933.279648	-404.356539	903.035075

output_nclust_4_data_id_8_true_nClust_3	-1254.551710	-19.690309	-1174.342789	60.518611	-1262.284278	-27.422877	-296.537339	938.324062	-336.467698	898.393703

output_nclust_4_data_id_9_true_nClust_3	-1334.351878	-43.004717	-1233.282845	58.064316	-1353.705833	-62.358671	-335.787494	955.559668	-402.585961	888.761201

output_nclust_4_data_id_10_true_nClust_3	-1233.947205	-60.348012	-1082.053599	91.545593	-1241.138137	-67.538944	-191.515915	982.083277	-263.550624	910.048569

output_nclust_4_data_id_11_true_nClust_3	-1251.905417	-61.253633	-1111.811935	78.839850	-1240.201605	-49.549821	-235.281856	955.369929	-282.867035	907.784750

output_nclust_4_data_id_12_true_nClust_3	-1358.991220	-100.112952	-1183.149690	75.728577	-1306.296606	-47.418338	-307.901731	950.976537	-359.375025	899.503243

output_nclust_4_data_id_13_true_nClust_3	-1407.657635	-193.918035	-1135.742697	77.996903	-1419.519780	-205.780180	-259.231974	954.507626	-445.194654	768.544946

output_nclust_4_data_id_14_true_nClust_3	-1273.890195	-138.187052	-1142.212767	-6.509624	-1283.187634	-147.484491	-118.266950	1017.436193	-286.897626	848.805517

output_nclust_4_data_id_15_true_nClust_3	-1257.360502	-27.959612	-1160.026698	69.374191	-1257.808517	-28.407628	-281.826796	947.574093	-315.909263	913.491626

output_nclust_4_data_id_16_true_nClust_3	-1561.352671	-195.303129	-1292.343476	73.706066	-1565.983860	-199.934318	-408.564395	957.485147	-614.633020	751.416523

output_nclust_4_data_id_17_true_nClust_3	-1262.906220	-22.894578	-1180.438941	59.572701	-1258.279700	-18.268058	-302.953667	937.057975	-339.474144	900.537498

output_nclust_4_data_id_18_true_nClust_3	-1252.053216	-116.744454	-1031.293352	104.015409	-1274.336060	-139.027299	-155.560807	979.747954	-260.024814	875.283947

output_nclust_4_data_id_19_true_nClust_3	-1345.926768	-37.822984	-1265.982551	42.121233	-1348.376503	-40.272719	-251.063026	1057.040758	-322.697768	985.406016

output_nclust_4_data_id_20_true_nClust_3	-1286.610066	-63.116471	-1166.475349	57.018247	-1266.661493	-43.167898	-264.088739	959.404857	-306.250768	917.242827

output_nclust_4_data_id_21_true_nClust_3	-1358.421104	-23.069645	-1273.191136	62.160323	-1363.650579	-28.299119	-383.378878	951.972582	-431.379064	903.972395

output_nclust_4_data_id_22_true_nClust_3	-1397.051995	-49.584173	-1277.959861	69.507962	-1405.414405	-57.946582	-400.154410	947.313413	-449.557408	897.910414

output_nclust_4_data_id_23_true_nClust_3	-1746.090227	-449.582687	-1234.373150	62.134389	-1497.108398	-200.600858	-356.762863	939.744677	-560.350015	736.157525

output_nclust_4_data_id_24_true_nClust_3	-1413.607821	-71.113768	-1260.453578	82.040475	-1384.722818	-42.228764	-383.306884	959.187169	-401.339579	941.154474

output_nclust_4_data_id_25_true_nClust_3	-2023.257860	-742.816343	-2723.992339	-1443.550823	-2394.566371	-1114.124854	-1780.123647	-499.682131	-1439.390455	-158.948938

output_nclust_4_data_id_26_true_nClust_3	-1478.943688	-160.922037	-1252.071953	65.949697	-1491.348991	-173.327340	-375.232376	942.789274	-539.475630	778.546021

output_nclust_4_data_id_27_true_nClust_3	-1567.758072	-418.620617	-1051.426477	97.710979	-1663.459953	-514.322498	-151.752871	997.384584	-652.746666	496.390789

output_nclust_4_data_id_28_true_nClust_3	-1374.215177	-112.424344	-1179.747264	82.043569	-1381.128794	-119.337960	-289.119458	972.671375	-404.001539	857.789294

output_nclust_4_data_id_29_true_nClust_3	-1450.159825	-230.258188	-1146.960792	72.940844	-1450.310887	-230.409251	-260.051388	959.850248	-485.587976	734.313660

output_nclust_4_data_id_30_true_nClust_3	-1320.081599	-124.062945	-1292.637536	-96.618883	-1280.606365	-84.587712	-219.195056	976.823598	-297.293370	898.725283

output_nclust_4_data_id_31_true_nClust_3	-1762.262773	-496.232032	-1178.620387	87.410354	-1603.111366	-337.080625	-300.111580	965.919160	-639.873369	626.157372

output_nclust_4_data_id_32_true_nClust_3	-1290.489845	-24.178529	-1197.357249	68.954067	-1299.223903	-32.912587	-321.100537	945.210780	-366.664656	899.646660

output_nclust_4_data_id_33_true_nClust_3	-1341.884945	-39.850442	-1251.527815	50.506687	-1320.160457	-18.125954	-274.380970	1027.653532	-318.748614	983.285888

output_nclust_4_data_id_34_true_nClust_3	-1399.372864	-173.331771	-1157.177823	68.863270	-1312.364787	-86.323694	-279.039702	947.001391	-359.942885	866.098208

output_nclust_4_data_id_35_true_nClust_3	-1399.589587	-19.200405	-1325.032147	55.357035	-1411.614579	-31.225396	-446.479221	933.909961	-487.972322	892.416860

output_nclust_4_data_id_36_true_nClust_3	-1242.577329	-41.702339	-1128.333475	72.541514	-1220.792366	-19.917376	-250.667617	950.207373	-279.209763	921.665227

output_nclust_4_data_id_37_true_nClust_3	-1214.587765	-27.791259	-1116.166043	70.630462	-1226.020708	-39.224203	-239.664435	947.132071	-294.900758	891.895747

output_nclust_4_data_id_38_true_nClust_3	-1351.364926	-106.731636	-1139.404952	105.228338	-1347.874559	-103.241269	-241.089045	1003.544245	-341.366760	903.266531

output_nclust_4_data_id_39_true_nClust_3	-1300.211895	-12.391413	-1233.914842	53.905639	-1299.558557	-11.738075	-356.254911	931.565571	-374.062760	913.757721

output_nclust_4_data_id_40_true_nClust_3	-1331.821643	-33.560749	-1223.083042	75.177852	-1349.329404	-51.068511	-346.837709	951.423184	-411.242146	887.018748

output_nclust_4_data_id_41_true_nClust_3	-1261.883330	-30.951848	-1145.672550	85.258933	-1271.754384	-40.822902	-268.609343	962.322139	-317.810315	913.121167

output_nclust_4_data_id_42_true_nClust_3	-1222.601524	-18.388875	-1140.811586	63.401063	-1231.613156	-27.400507	-262.547135	941.665514	-303.574670	900.637979

output_nclust_4_data_id_43_true_nClust_3	-1465.337932	-81.419690	-1308.800242	75.118000	-1481.000099	-97.081857	-430.095203	953.823039	-526.745827	857.172415

output_nclust_4_data_id_44_true_nClust_3	-1422.977679	-3.093441	-1372.088693	47.795545	-1426.110904	-6.226666	-497.652598	922.231640	-520.325032	899.559206

output_nclust_4_data_id_45_true_nClust_3	-1442.832566	-159.470770	-1264.597762	18.764034	-1348.270559	-64.908763	-336.045577	947.316219	-405.976915	877.384881

output_nclust_4_data_id_46_true_nClust_3	-1349.180540	-13.019320	-1285.531739	50.629481	-1351.336383	-15.175163	-407.949871	928.211349	-434.260767	901.900453

output_nclust_4_data_id_47_true_nClust_3	-1355.840922	-89.471610	-1192.238552	74.130760	-1314.791988	-48.422676	-314.945063	951.424249	-367.775208	898.594104

output_nclust_4_data_id_48_true_nClust_3	-1313.159025	-26.683718	-1219.211796	67.263511	-1311.870010	-25.394703	-315.194469	971.280838	-343.891331	942.583976

output_nclust_4_data_id_49_true_nClust_3	-1278.460787	-26.425809	-1183.282190	68.752788	-1275.484629	-23.449651	-306.000729	946.034249	-349.563701	902.471276

output_nclust_4_data_id_50_true_nClust_3	-1441.940378	-153.893693	-1214.185495	73.861190	-1585.047376	-297.000691	-336.047374	951.999311	-643.060053	644.986633

output_nclust_5_data_id_1_true_nClust_3	-1387.502041	-206.375413	-1050.177708	130.948920	-1382.031636	-200.905007	-118.689126	1062.437503	-294.124957	887.001671

output_nclust_5_data_id_2_true_nClust_3	-1345.935210	-188.113543	-1176.958093	-19.136425	-1284.764591	-126.942923	-104.372590	1053.449078	-225.704664	932.117004

output_nclust_5_data_id_3_true_nClust_3	-1390.651843	-160.852201	-1298.865254	-69.065612	-1358.812119	-129.012477	-261.302272	968.497370	-393.045398	836.754245

output_nclust_5_data_id_4_true_nClust_3	-1530.026759	-354.996898	-1030.790686	144.239176	-1580.841631	-405.811770	-153.936823	1021.093038	-510.473253	664.556608

output_nclust_5_data_id_5_true_nClust_3	-1444.689736	-85.510856	-1242.174821	117.004058	-1428.920601	-69.741721	-363.319949	995.858930	-408.967723	950.211156

output_nclust_5_data_id_6_true_nClust_3	-1693.668808	-473.566842	-1137.636331	82.465635	-1470.062865	-249.960899	-216.010605	1004.091361	-443.867269	776.234697

output_nclust_5_data_id_7_true_nClust_3	-1337.160461	-59.637474	-1192.478988	85.043999	-1344.757328	-67.234340	-315.417195	962.105792	-384.242460	893.280527

output_nclust_5_data_id_8_true_nClust_3	-1266.662732	-52.360598	-1131.859184	82.442950	-1273.717028	-59.414894	-254.053733	960.248401	-312.175871	902.126263

output_nclust_5_data_id_9_true_nClust_3	-1498.762199	-223.991984	-1241.204146	33.566069	-1427.665158	-152.894943	-281.935388	992.834826	-405.076703	869.693511

output_nclust_5_data_id_10_true_nClust_3	-1470.900166	-336.415614	-998.343352	136.141199	-1486.117754	-351.633202	-119.593867	1014.890684	-431.646773	702.837778

output_nclust_5_data_id_11_true_nClust_3	-1695.574744	-528.687497	-1064.935184	101.952063	-1462.701901	-295.814654	-188.802435	978.084812	-435.810534	731.076713

output_nclust_5_data_id_12_true_nClust_3	-1310.136558	-133.552372	-1019.022461	157.561725	-1302.621542	-126.037356	-143.982690	1032.601496	-232.877956	943.706230

output_nclust_5_data_id_13_true_nClust_3	-1273.530389	-91.985120	-1071.266112	110.279156	-1279.428011	-97.882743	-194.755389	986.789880	-266.438355	915.106913

output_nclust_5_data_id_14_true_nClust_3	-1360.882793	-251.025667	-983.597948	126.259178	-1315.982420	-206.125294	-105.166733	1004.690393	-280.878978	828.978148

output_nclust_5_data_id_15_true_nClust_3	-1340.340333	-153.070917	-1076.834927	110.434488	-1392.285281	-205.015866	-198.635025	988.634390	-385.247657	802.021758

output_nclust_5_data_id_16_true_nClust_3	-1465.828108	-106.628558	-1279.946296	79.253254	-1417.436312	-58.236762	-386.331064	972.868486	-442.590674	916.608875

output_nclust_5_data_id_17_true_nClust_3	-1256.683855	-65.612846	-1084.068681	107.002327	-1288.728787	-97.657779	-206.315347	984.755662	-289.369327	901.701682

output_nclust_5_data_id_18_true_nClust_3	-1252.914548	-119.962567	-1023.334238	109.617743	-1280.845398	-147.893417	-147.829699	985.122283	-259.201777	873.750204

output_nclust_5_data_id_19_true_nClust_3	-1413.137579	-118.536509	-1181.945265	112.655805	-1422.428250	-127.827180	-291.824063	1002.777007	-370.290858	924.310212

output_nclust_5_data_id_20_true_nClust_3	-1369.479233	-197.173459	-1071.940702	100.365072	-1406.998759	-234.692985	-164.159517	1008.146258	-363.950269	808.355505

output_nclust_5_data_id_21_true_nClust_3	-1498.559047	-225.589029	-1152.309941	120.660077	-1490.228015	-217.257997	-274.162289	998.807729	-460.596973	812.373045

output_nclust_5_data_id_22_true_nClust_3	-1572.355767	-252.465823	-1245.614097	74.275847	-1718.435780	-398.545836	-324.949915	994.940028	-680.374950	639.514993

output_nclust_5_data_id_23_true_nClust_3	-1553.750405	-301.993324	-1146.334701	105.422380	-1477.898723	-226.141642	-268.771291	982.985790	-481.329578	770.427503

output_nclust_5_data_id_24_true_nClust_3	-1593.589084	-291.682494	-1262.677743	39.228847	-1550.564290	-248.657700	-267.498810	1034.407780	-502.078362	799.828228

output_nclust_5_data_id_25_true_nClust_3	-1553.012101	-285.164057	-1173.720049	94.127995	-1486.508670	-218.660626	-295.134897	972.713147	-496.128211	771.719834

output_nclust_5_data_id_26_true_nClust_3	-1506.520991	-236.710982	-1230.974100	38.835909	-1511.604594	-241.794585	-271.810559	997.999450	-473.719537	796.090472

output_nclust_5_data_id_27_true_nClust_3	-1507.945034	-363.251870	-1020.882559	123.810604	-1437.467744	-292.774580	-142.027688	1002.665476	-411.461503	733.231661

output_nclust_5_data_id_28_true_nClust_3	-1322.325533	-106.507231	-1156.354973	59.463329	-1266.021409	-50.203107	-112.843364	1102.974938	-177.769687	1038.048615

output_nclust_5_data_id_29_true_nClust_3	-1330.898217	-123.158857	-1107.511510	100.227850	-1305.039503	-97.300143	-232.589758	975.149602	-319.567907	888.171453

output_nclust_5_data_id_30_true_nClust_3	-1455.640780	-279.387280	-1064.706449	111.547052	-1389.105108	-212.851608	-187.412959	988.840541	-377.909126	798.344374

output_nclust_5_data_id_31_true_nClust_3	-1399.067365	-163.906303	-1116.621090	118.539972	-1437.165079	-202.004017	-238.112284	997.048779	-419.462587	815.698475

output_nclust_5_data_id_32_true_nClust_3	-1298.347979	-26.140711	-1206.766027	65.441240	-1298.823114	-26.615846	-330.509315	941.697953	-365.596608	906.610659

output_nclust_5_data_id_33_true_nClust_3	-1372.168079	-110.958481	-1170.255783	90.953814	-1328.763558	-67.553961	-157.833333	1103.376264	-250.214457	1010.995140

output_nclust_5_data_id_34_true_nClust_3	-1262.237505	-60.672101	-1111.198188	90.367217	-1269.569662	-68.004257	-233.060067	968.505338	-279.950844	921.614560

output_nclust_5_data_id_35_true_nClust_3	-1442.172232	-115.509300	-1219.263321	107.399611	-1441.813194	-115.150262	-340.710394	985.952538	-441.890938	884.771994

output_nclust_5_data_id_36_true_nClust_3	-1243.263463	-70.859625	-1070.660143	101.743694	-1281.129563	-108.725726	-192.994284	979.409553	-300.992466	871.411372

output_nclust_5_data_id_37_true_nClust_3	-1464.257532	-345.114885	-1030.630414	88.512233	-1535.671803	-416.529156	-104.743469	1014.399178	-508.995513	610.147134

output_nclust_5_data_id_38_true_nClust_3	-1309.444242	-95.024900	-1069.580768	144.838575	-1299.386028	-84.966686	-191.941133	1022.478209	-246.228914	968.190428

output_nclust_5_data_id_39_true_nClust_3	-1460.341222	-195.446745	-1186.144975	78.749503	-1484.161323	-219.266845	-308.339524	956.554954	-520.115544	744.778934

output_nclust_5_data_id_40_true_nClust_3	-1505.138081	-230.656278	-1175.612397	98.869407	-1361.802437	-87.320633	-299.777593	974.704211	-382.809212	891.672592

output_nclust_5_data_id_41_true_nClust_3	-1488.544938	-292.488001	-1077.999468	118.057469	-1379.076274	-183.019337	-201.281806	994.775131	-367.969676	828.087261

output_nclust_5_data_id_42_true_nClust_3	-1399.351176	-233.931616	-1063.254942	102.164617	-1484.025274	-318.605714	-184.990491	980.429068	-494.859520	670.560040

output_nclust_5_data_id_43_true_nClust_3	-1424.428776	-58.606657	-1276.107386	89.714733	-1429.013177	-63.191058	-385.613920	980.208200	-435.585217	930.236902

output_nclust_5_data_id_44_true_nClust_3	-1652.028130	-283.576927	-1269.569817	98.881385	-1560.682384	-192.231182	-395.133721	973.317481	-582.245788	786.205415

output_nclust_5_data_id_45_true_nClust_3	-1425.577420	-201.684978	-1094.962705	128.929737	-1568.371880	-344.479438	-220.818243	1003.074199	-548.460850	675.431592

output_nclust_5_data_id_46_true_nClust_3	-1603.419130	-294.291559	-1235.628530	73.499042	-1408.360500	-99.232928	-357.960014	951.167557	-439.615311	869.512261

output_nclust_5_data_id_47_true_nClust_3	-1299.402110	-43.139977	-1171.469965	84.792168	-1294.887860	-38.625727	-294.176475	962.085658	-325.709379	930.552754

output_nclust_5_data_id_48_true_nClust_3	-1486.003488	-222.613642	-1148.458340	114.931507	-1503.544592	-240.154746	-273.254777	990.135069	-493.642991	769.746855

output_nclust_5_data_id_49_true_nClust_3	-1304.543590	-94.684465	-1100.578313	109.280812	-1296.576376	-86.717251	-223.296852	986.562273	-304.810840	905.048286

output_nclust_5_data_id_50_true_nClust_3	-1397.290937	-129.663074	-1172.625961	95.001901	-1354.343075	-86.715212	-294.293657	973.334206	-378.782821	888.845042

